Color quantity: 5
Width: 32
Height: 32

Colors in RGBA:

{ 0.8509803921568627, 0.8509803921568627, 0.6039215686274509, 1.0 },
{ 0.13333333333333333, 0.13725490196078433, 0.8901960784313725, 1.0 },
{ 0.6274509803921569, 0.6274509803921569, 0.0, 1.0 },
{ 0.0, 0.6274509803921569, 0.0, 1.0 },
{ 0.0, 0.0, 0.0, 0.0 },

Pixel map:

{
4,4,4,4,4,4,4,4,4,4,4,4,4,4,4,3,3,4,4,4,4,4,4,4,4,4,4,4,4,4,4,4,
4,4,4,4,4,4,4,4,4,4,4,4,4,4,3,3,3,3,4,4,4,4,4,4,4,4,4,4,4,4,4,4,
4,4,4,4,4,4,4,4,4,4,3,4,4,3,3,3,1,3,3,4,4,3,4,4,4,4,4,4,4,4,4,4,
4,4,4,4,4,4,4,4,4,4,3,3,3,3,0,3,3,3,3,3,3,3,4,4,4,4,4,4,4,4,4,4,
4,4,4,4,4,4,4,4,4,4,4,3,3,3,3,3,3,3,3,3,3,4,4,4,4,4,4,4,4,4,4,4,
4,4,4,4,4,4,4,4,4,4,4,3,3,3,3,3,3,3,3,3,3,4,4,4,4,4,4,4,4,4,4,4,
4,4,4,4,4,4,4,4,4,3,3,3,3,3,3,3,3,3,3,3,3,3,3,4,4,4,4,4,4,4,4,4,
4,4,4,4,4,4,4,4,3,3,3,3,3,3,3,3,3,3,3,3,3,3,3,3,4,4,4,4,4,4,4,4,
4,4,4,4,4,4,4,4,4,3,3,3,3,3,3,3,3,3,3,3,3,1,3,4,4,4,4,4,4,4,4,4,
4,4,4,4,4,4,4,4,3,3,3,3,0,3,3,3,3,3,3,3,3,3,3,3,4,4,4,4,4,4,4,4,
4,4,4,4,4,4,4,3,3,3,3,3,3,3,3,3,3,1,3,3,3,3,3,3,3,4,4,4,4,4,4,4,
4,4,4,4,4,4,3,3,3,3,3,3,3,3,3,3,3,3,3,3,3,3,3,3,3,3,4,4,4,4,4,4,
4,4,4,4,4,4,3,4,3,3,1,3,3,3,3,0,3,3,3,3,3,3,3,3,4,3,4,4,4,4,4,4,
4,4,4,4,4,4,4,4,3,3,3,3,3,3,3,3,3,3,3,3,3,3,3,3,4,4,4,4,4,4,4,4,
4,4,4,4,4,4,4,3,3,3,3,3,3,3,3,3,3,3,3,3,3,3,3,3,3,4,4,4,4,4,4,4,
4,4,4,4,4,4,3,3,3,3,3,3,3,3,3,3,3,3,3,0,3,3,3,3,3,3,4,4,4,4,4,4,
4,4,4,4,4,3,3,3,3,4,3,3,3,3,3,3,3,3,3,3,3,3,4,3,3,3,3,4,4,4,4,4,
4,4,4,4,4,4,4,4,4,4,3,3,3,3,3,3,3,3,3,3,3,3,4,4,4,4,4,4,4,4,4,4,
4,4,4,4,4,4,4,4,3,3,3,0,3,3,3,3,1,3,3,3,3,3,3,3,4,4,4,4,4,4,4,4,
4,4,4,4,4,4,4,4,4,3,3,3,4,4,3,3,3,3,4,4,3,3,3,4,4,4,4,4,4,4,4,4,
4,4,4,4,4,4,4,4,4,4,4,4,4,4,2,3,3,2,4,4,4,4,4,4,4,4,4,4,4,4,4,4,
4,4,4,4,4,4,4,4,4,4,4,4,4,2,2,2,2,2,2,4,4,4,4,4,4,4,4,4,4,4,4,4,
4,4,4,4,4,4,4,4,4,4,4,4,2,2,2,2,2,2,2,2,4,4,4,4,4,4,4,4,4,4,4,4,
4,4,4,4,4,4,4,4,4,4,2,2,2,2,2,2,2,2,2,2,2,2,4,4,4,4,4,4,4,4,4,4,
4,4,4,4,4,4,4,4,4,4,4,4,2,2,2,2,2,2,2,2,4,4,4,4,4,4,4,4,4,4,4,4,
4,4,4,4,4,4,4,4,4,4,4,4,4,4,2,2,2,2,4,4,4,4,4,4,4,4,4,4,4,4,4,4,
4,4,4,4,4,4,4,4,4,4,4,4,4,4,4,4,4,4,4,4,4,4,4,4,4,4,4,4,4,4,4,4,
4,4,4,4,4,4,4,4,4,4,4,4,4,4,4,4,4,4,4,4,4,4,4,4,4,4,4,4,4,4,4,4,
4,4,4,4,4,4,4,4,4,4,4,4,4,4,4,4,4,4,4,4,4,4,4,4,4,4,4,4,4,4,4,4,
4,4,4,4,4,4,4,4,4,4,4,4,4,4,4,4,4,4,4,4,4,4,4,4,4,4,4,4,4,4,4,4,
4,4,4,4,4,4,4,4,4,4,4,4,4,4,4,4,4,4,4,4,4,4,4,4,4,4,4,4,4,4,4,4,
4,4,4,4,4,4,4,4,4,4,4,4,4,4,4,4,4,4,4,4,4,4,4,4,4,4,4,4,4,4,4,4,
}